# Created by Octave 4.2.1, Wed Aug 30 22:58:02 2017 GMT <unknown@unknown>
# name: D
# type: matrix
# rows: 3
# columns: 3
 7 -1 3
 2 3 4
 3 7 -1


# name: K
# type: scalar
3


# name: Q
# type: matrix
# rows: 3
# columns: 3
 8 1 6
 3 5 7
 4 9 2


# name: X
# type: matrix
# rows: 10
# columns: 5
 0.8414709848078965 -0.9999902065507035 0.8366556385360561 -0.404037645323065 -0.158622668804709
 0.9092974268256817 -0.5365729180004349 -0.008851309290403876 0.5514266812416906 -0.9165215479156338
 0.1411200080598672 0.4201670368266409 -0.8462204041751706 0.9999118601072672 -0.8317747426285983
 -0.7568024953079282 0.9906073556948704 -0.9055783620066239 0.5290826861200238 0.01770192510541358
 -0.9589242746631385 0.6502878401571168 -0.132351750097773 -0.428182669496151 0.8509035245341184
 -0.2794154981989259 -0.2879033166650653 0.7625584504796027 -0.9917788534431158 0.9017883476488092
 0.6569865987187891 -0.9613974918795568 0.956375928404503 -0.6435381333569995 0.123573122745224
 0.9893582466233818 -0.7509872467716761 0.270905788307869 0.2963685787093853 -0.7682546613236668
 0.4121184852417566 0.1498772096629523 -0.6636338842129675 0.9637953862840878 -0.9537526527594719
 -0.5440211108893698 0.9129452507276277 -0.9880316240928618 0.7451131604793488 -0.2623748537039288


# name: ans
# type: matrix
# rows: 1
# columns: 3
 3 1 2


# name: b
# type: matrix
# rows: 1
# columns: 5
 1 1 1 1 1


# name: cent
# type: matrix
# rows: 4
# columns: 5
 0.6569865987187891 -0.9613974918795568 0.956375928404503 -0.6435381333569995 0.123573122745224
 0.9893582466233818 -0.7509872467716761 0.270905788307869 0.2963685787093853 -0.7682546613236668
 0.4121184852417566 0.1498772096629523 -0.6636338842129675 0.9637953862840878 -0.9537526527594719
 -0.5440211108893698 0.9129452507276277 -0.9880316240928618 0.7451131604793488 -0.2623748537039288


# name: centroids
# type: matrix
# rows: 3
# columns: 2
 0 0
 0 0
 0 0


# name: d
# type: matrix
# rows: 1
# columns: 3
 3 1 2


# name: d_idx
# type: matrix
# rows: 1
# columns: 3
 2 1 3


# name: idx
# type: matrix
# rows: 10
# columns: 1
 1
 2
 3
 4
 4
 1
 1
 2
 3
 4


# name: initial_centroids
# type: matrix
# rows: 3
# columns: 2
 3 3
 6 2
 8 5


# name: m
# type: scalar
300


# name: max_iters
# type: scalar
10


